3.066e-19
3.075e-19
3.109e-19
3.176e-19
3.182e-19
3.198e-19
3.213e-19
3.229e-19
3.245e-19
3.246e-19
3.277e-19
3.281e-19
3.303e-19
3.312e-19
3.33e-19
3.373e-19
3.383e-19
3.394e-19
3.399e-19
3.412e-19
3.418e-19
3.43e-19
3.432e-19
3.468e-19
6.327e-19
6.413e-19
6.454e-19
6.524e-19
6.549e-19
6.577e-19
7.607e-19
7.656e-19
7.734e-19
7.891e-19
7.901e-19
7.928e-19
7.989e-19
8.002e-19
8.105e-19
8.127e-19
8.13e-19
8.175e-19
8.198e-19
8.253e-19
9.444e-19
9.525e-19
9.551e-19
9.665e-19
9.68e-19
9.748e-19
1.195e-18
1.204e-18
1.229e-18
1.239e-18
1.275e-18
1.28e-18
1.284e-18
1.293e-18
1.395e-18
1.396e-18
1.443e-18
1.451e-18
1.455e-18
1.472e-18
